26,91.35,69816,0,0.16,2.17,2%
66,0.005998412
106,1.76,12536,0,0.00,0.05,3%
146,1232.34,751208,0,1.13,29.61,2%
186,0.004351011
226,1.01,15068,0,0.01,0.02,4%
266,0.62,11552,0,0.00,0.02,4%
306,0.004637132
346,0.004947291
386,3.94,17752,0,0.01,0.10,2%
426,0.004817721
466,0.41,11008,0,0.00,0.01,5%
506,61.64,65696,0,0.06,1.48,2%
546,5.41,15076,0,0.01,0.13,2%
586,0.19,9996,0,0.01,0.00,8%
626,0.004486673
666,0.68,11592,0,0.01,0.01,4%
706,0.45,11476,0,0.01,0.01,5%
746,10.32,22152,0,0.01,0.25,2%
786,0.95,11412,0,0.00,0.02,3%
826,0.56,11600,0,0.00,0.02,4%
866,6.26,16052,0,0.02,0.14,2%
906,0.16,9996,0,0.00,0.00,11%
Warning : Volume mesh: worst distortion = -8.27525 (avg = 0.999992, 1 elements with jac. < 0)
Warning : ------------------------------
Warning : Mesh generation error summary
Warning :     1 warning
Warning :     0 errors
Warning : Check the full log for details
Warning : ------------------------------
946,771.94,566400,0,0.66,18.60,2%
986,0.22,9996,0,0.01,0.00,9%
1026,34.32,31868,0,0.03,0.83,2%
1066,0.20,9996,0,0.01,0.00,8%
1106,0.005171472
1146,3.34,13304,0,0.01,0.08,2%
1186,5.30,14288,0,0.00,0.13,2%
1226,1400.66,885516,0,0.88,34.05,2%
1266,0.17,9996,0,0.01,0.00,10%
1306,1.01,12116,0,0.00,0.03,3%
1346,1.05,15024,0,0.01,0.02,3%
1386,26.60,29588,0,0.02,0.65,2%
1426,0.54,11532,0,0.00,0.01,4%
1466,0.72,11652,0,0.00,0.02,4%
1506,0.99,11684,0,0.01,0.02,3%
1546,0.74,11208,0,0.00,0.02,4%
1586,0.16,9996,0,0.00,0.00,10%
1626,27.10,33716,0,0.03,0.65,2%
1666,0.64,11096,0,0.00,0.02,4%
1706,264.79,248568,0,0.22,6.39,2%
1746,4.19,14152,0,0.01,0.10,2%
Warning : Volume mesh: worst distortion = -10.3448 (avg = 0.999956, 1 elements with jac. < 0)
Warning : ------------------------------
Warning : Mesh generation error summary
Warning :     1 warning
Warning :     0 errors
Warning : Check the full log for details
Warning : ------------------------------
1786,180.86,174080,0,0.19,4.33,2%
1826,0.49,11448,0,0.01,0.01,5%
1866,0.17,9996,0,0.01,0.00,9%
1906,3.25,13532,0,0.01,0.08,2%
1946,0.17,9996,0,0.00,0.01,10%
1986,0.85,11724,0,0.00,0.02,4%
2026,1.15,12148,0,0.00,0.03,3%
2066,173.08,169012,0,0.19,4.14,2%
2106,2.38,12548,0,0.01,0.06,3%
2146,0.18,9996,0,0.01,0.00,10%
2186,0.63,11592,0,0.01,0.02,4%
2226,49.47,44120,0,0.05,1.22,2%
2266,315.86,308456,0,0.32,7.82,2%
Warning : Volume mesh: worst distortion = -10.6167 (avg = 0.999984, 1 elements with jac. < 0)
Warning : ------------------------------
Warning : Mesh generation error summary
Warning :     1 warning
Warning :     0 errors
Warning : Check the full log for details
Warning : ------------------------------
2306,505.75,338124,0,0.50,12.78,2%
2346,14.05,23136,0,0.02,0.35,2%
2386,0.53,11564,0,0.00,0.02,5%
2426,0.16,9996,0,0.00,0.01,11%
2466,1.12,11612,0,0.01,0.03,3%
2506,111.42,87168,0,0.13,2.80,2%
2546,0.52,11528,0,0.01,0.01,5%
2586,0.005165960
2626,0.004522236
2666,81.02,58148,0,0.05,2.08,2%
2706,0.63,11064,0,0.00,0.02,5%
2746,18.19,28900,0,0.02,0.46,2%
2786,2.44,12960,0,0.01,0.06,3%
2826,332.95,237452,0,0.34,8.62,2%
2866,0.50,11484,0,0.01,0.01,5%
2906,0.46,11056,0,0.01,0.01,6%
2946,13.54,20996,0,0.01,0.37,2%
2986,0.005061925
3026,310.51,229420,0,0.37,8.24,2%
3066,1.23,12360,0,0.01,0.03,3%
3106,192.03,167976,0,0.20,5.12,2%
Warning : Volume mesh: worst distortion = -18.8473 (avg = 0.99999, 1 elements with jac. < 0)
Warning : ------------------------------
Warning : Mesh generation error summary
Warning :     1 warning
Warning :     0 errors
Warning : Check the full log for details
Warning : ------------------------------
3146,1343.68,1095368,0,0.98,40.36,3%
3186,0.39,9996,0,0.01,0.00,4%
3226,0.004729760
3266,0.54,11616,0,0.00,0.02,6%
3306,190.80,181696,0,0.25,6.57,3%
3346,4.46,15316,0,0.00,0.16,3%
3386,0.15,9996,0,0.00,0.01,11%
3426,6.07,21168,0,0.01,0.22,3%
3466,49.07,69140,0,0.07,1.77,3%
3506,1.31,15652,0,0.01,0.05,5%
3546,2.15,13580,0,0.01,0.08,4%
3586,0.37,11052,0,0.01,0.01,7%
3626,11.49,22356,0,0.01,0.43,3%
3666,0.14,9996,0,0.01,0.00,15%
3706,0.77,11552,0,0.00,0.03,5%
3746,0.14,9996,0,0.01,0.00,12%
3786,0.72,12076,0,0.01,0.03,6%
3826,0.11,9996,0,0.01,0.01,17%
3866,5.66,18416,0,0.01,0.21,4%
3906,1.42,13356,0,0.01,0.05,4%
3946,0.36,11556,0,0.01,0.01,7%
3986,0.80,12328,0,0.01,0.03,5%
