27,232.99,157028,0,0.30,5.56,2%
67,0.21,9996,0,0.01,0.00,9%
107,0.004843570
147,6.79,15464,0,0.01,0.16,2%
187,1.07,15548,0,0.01,0.02,3%
227,0.99,11412,0,0.00,0.03,3%
267,0.38,11008,0,0.01,0.01,5%
307,137.54,99732,0,0.16,3.28,2%
347,1.01,15532,0,0.01,0.02,4%
387,0.38,11012,0,0.00,0.01,5%
427,1.46,12372,0,0.01,0.04,3%
467,0.42,11008,0,0.01,0.01,5%
507,0.15,9996,0,0.00,0.01,11%
547,1.01,12136,0,0.00,0.03,3%
587,1.00,15088,0,0.01,0.02,4%
627,0.004491042
667,0.60,11496,0,0.01,0.02,5%
707,4.72,14572,0,0.01,0.12,2%
747,2.91,13568,0,0.01,0.07,3%
787,3.62,13784,0,0.01,0.09,2%
827,1.22,11624,0,0.01,0.03,3%
867,0.005244949
907,0.60,11564,0,0.00,0.02,4%
947,0.56,11576,0,0.01,0.01,4%
987,0.52,11576,0,0.00,0.02,5%
1027,0.004269637
1067,53.27,45960,0,0.05,1.28,2%
1107,23.59,27420,0,0.03,0.56,2%
1147,1031.84,639488,0,0.99,24.75,2%
1187,134.89,105536,0,0.10,3.27,2%
1227,131.22,123816,0,0.12,3.16,2%
1267,0.40,11012,0,0.01,0.01,5%
1307,5.30,16180,0,0.01,0.13,2%
1347,824.35,601720,0,0.70,19.86,2%
1387,20.06,23800,0,0.01,0.49,2%
1427,379.40,267836,0,0.28,9.18,2%
Warning : Volume mesh: worst distortion = -2.85 (avg = 0.999868, 2 elements with jac. < 0)
Warning : ------------------------------
Warning : Mesh generation error summary
Warning :     1 warning
Warning :     0 errors
Warning : Check the full log for details
Warning : ------------------------------
1467,32.84,35568,0,0.03,0.79,2%
1507,2.00,12560,0,0.01,0.05,3%
1547,392.65,372016,0,0.34,9.46,2%
1587,0.18,9996,0,0.00,0.01,10%
1627,0.64,11096,0,0.00,0.02,4%
1667,11.89,21204,0,0.01,0.29,2%
1707,0.55,11504,0,0.00,0.02,5%
1747,73.38,76748,0,0.07,1.76,2%
1787,0.20,9996,0,0.00,0.00,8%
1827,0.16,9996,0,0.00,0.00,10%
1867,0.15,9996,0,0.00,0.00,10%
1907,0.54,11564,0,0.00,0.02,5%
1947,0.17,9996,0,0.00,0.01,10%
1987,131.58,94208,0,0.13,3.16,2%
2027,1.53,11888,0,0.01,0.04,3%
2067,0.50,11504,0,0.01,0.01,5%
2107,0.004933187
2147,0.54,11508,0,0.01,0.01,5%
2187,1.09,15112,0,0.00,0.03,3%
2227,5.19,16200,0,0.01,0.13,2%
2267,302.47,198176,0,0.31,7.23,2%
2307,1.43,12420,0,0.01,0.03,3%
2347,0.16,9996,0,0.01,0.00,11%
2387,241.25,163076,0,0.23,5.79,2%
2427,0.46,11028,0,0.00,0.01,5%
Warning : Volume mesh: worst distortion = -5.02786 (avg = 0.999954, 1 elements with jac. < 0)
Warning : ------------------------------
Warning : Mesh generation error summary
Warning :     1 warning
Warning :     0 errors
Warning : Check the full log for details
Warning : ------------------------------
2467,104.15,86152,0,0.11,2.50,2%
2507,1.09,11820,0,0.01,0.02,3%
2547,37.40,41112,0,0.03,0.93,2%
2587,3.44,14708,0,0.00,0.09,3%
2627,21.70,26388,0,0.04,0.52,2%
2667,4.89,14260,0,0.01,0.13,2%
2707,9.74,17992,0,0.01,0.25,2%
2747,1.28,11680,0,0.01,0.03,3%
2787,0.51,11540,0,0.00,0.01,5%
2827,1.97,15424,0,0.01,0.05,3%
2867,0.16,9996,0,0.00,0.00,10%
Warning : Volume mesh: worst distortion = -4.21875 (avg = 0.999987, 1 elements with jac. < 0)
Warning : ------------------------------
Warning : Mesh generation error summary
Warning :     1 warning
Warning :     0 errors
Warning : Check the full log for details
Warning : ------------------------------
2907,290.29,197796,0,0.32,7.16,2%
2947,0.19,9996,0,0.01,0.00,9%
2987,0.57,11580,0,0.00,0.02,5%
3027,359.45,245752,0,0.44,9.00,2%
3067,501.24,383800,0,0.51,12.66,2%
3107,15.73,22916,0,0.02,0.40,2%
3147,62.33,49132,0,0.03,1.65,2%
3187,482.19,493036,0,0.47,12.87,2%
3227,0.18,9996,0,0.00,0.00,9%
3267,66.56,77200,0,0.08,1.76,2%
3307,0.81,11776,0,0.00,0.02,4%
3347,0.34,11008,0,0.01,0.01,7%
3387,10.26,18464,0,0.01,0.28,2%
3427,9.89,18952,0,0.02,0.26,2%
3467,0.003987395
3507,23.08,33040,0,0.02,0.62,2%
3547,177.83,153352,0,0.21,4.77,2%
3587,2.13,13128,0,0.01,0.06,3%
3627,0.14,9996,0,0.01,0.00,12%
3667,0.36,11444,0,0.01,0.01,7%
3707,1.07,12232,0,0.00,0.03,4%
3747,19.99,25620,0,0.01,0.57,2%
3787,1.09,12196,0,0.00,0.03,4%
3827,696.43,729044,0,0.71,19.72,2%
3867,1.12,12444,0,0.01,0.03,4%
3907,6.39,16636,0,0.01,0.20,3%
3947,0.34,11708,0,0.01,0.01,7%
3987,45.38,48792,0,0.07,1.36,3%
